0, 0.000000, 0.000000, 0.000000, 0.000000, 0.000000
1, 0.000000, 0.000000, 0.000000, 0.000000, 0.003922
2, 0.013270, 0.000000, 0.000000, 0.013270, 0.007843
3, 0.013270, 0.000000, 0.000000, 0.013270, 0.011765
4, 0.016706, 0.000000, 0.000000, 0.016706, 0.015686
5, 0.021032, 0.000000, 0.000000, 0.021032, 0.019608
6, 0.021032, 0.000000, 0.000000, 0.021032, 0.023529
7, 0.013270, 0.013270, 0.000000, 0.026540, 0.027451
8, 0.016706, 0.013270, 0.000000, 0.029976, 0.031373
9, 0.021032, 0.013270, 0.000000, 0.034302, 0.035294
10, 0.026478, 0.013270, 0.000000, 0.039748, 0.039216
11, 0.026478, 0.016706, 0.000000, 0.043184, 0.043137
12, 0.016706, 0.016706, 0.013270, 0.046683, 0.047059
13, 0.021032, 0.016706, 0.013270, 0.051008, 0.050980
14, 0.041964, 0.013270, 0.000000, 0.055234, 0.054902
15, 0.021032, 0.021032, 0.016706, 0.058770, 0.058824
16, 0.041964, 0.021032, 0.000000, 0.062996, 0.062745
17, 0.033333, 0.033333, 0.000000, 0.066667, 0.066667
18, 0.033333, 0.021032, 0.016706, 0.071071, 0.070588
19, 0.026478, 0.026478, 0.021032, 0.073987, 0.074510
20, 0.052830, 0.026478, 0.000000, 0.079307, 0.078431
21, 0.052830, 0.016706, 0.013270, 0.082806, 0.082353
22, 0.033333, 0.026478, 0.026478, 0.086289, 0.086275
23, 0.052830, 0.021032, 0.016706, 0.090568, 0.090196
24, 0.052830, 0.041964, 0.000000, 0.094794, 0.094118
25, 0.041964, 0.041964, 0.013270, 0.097199, 0.098039
26, 0.041964, 0.033333, 0.026478, 0.101775, 0.101961
27, 0.052830, 0.026478, 0.026478, 0.105785, 0.105882
28, 0.066509, 0.026478, 0.016706, 0.109693, 0.109804
29, 0.083730, 0.016706, 0.013270, 0.113706, 0.113725
30, 0.083730, 0.021032, 0.013270, 0.118032, 0.117647
31, 0.083730, 0.021032, 0.016706, 0.121468, 0.121569
32, 0.083730, 0.041964, 0.000000, 0.125694, 0.125490
33, 0.066509, 0.041964, 0.021032, 0.129505, 0.129412
34, 0.066509, 0.033333, 0.033333, 0.133175, 0.133333
35, 0.052830, 0.041964, 0.041964, 0.136758, 0.137255
36, 0.066509, 0.041964, 0.033333, 0.141806, 0.141176
37, 0.105409, 0.026478, 0.013270, 0.145157, 0.145098
38, 0.132702, 0.016706, 0.000000, 0.149409, 0.149020
39, 0.105409, 0.026478, 0.021032, 0.152919, 0.152941
40, 0.083730, 0.052830, 0.021032, 0.157591, 0.156863
41, 0.105409, 0.041964, 0.013270, 0.160644, 0.160784
42, 0.105409, 0.033333, 0.026478, 0.165220, 0.164706
43, 0.105409, 0.041964, 0.021032, 0.168405, 0.168627
44, 0.132702, 0.026478, 0.013270, 0.172450, 0.172549
45, 0.083730, 0.066509, 0.026478, 0.176716, 0.176471
46, 0.167062, 0.013270, 0.000000, 0.180333, 0.180392
47, 0.083730, 0.083730, 0.016706, 0.184165, 0.184314
48, 0.167062, 0.021032, 0.000000, 0.188094, 0.188235
49, 0.083730, 0.066509, 0.041964, 0.192202, 0.192157
50, 0.132702, 0.041964, 0.021032, 0.195698, 0.196078
51, 0.105409, 0.052830, 0.041964, 0.200203, 0.200000
52, 0.083730, 0.066509, 0.052830, 0.203068, 0.203922
53, 0.132702, 0.041964, 0.033333, 0.208000, 0.207843
54, 0.132702, 0.052830, 0.026478, 0.212010, 0.211765
55, 0.105409, 0.083730, 0.026478, 0.215616, 0.215686
56, 0.167062, 0.052830, 0.000000, 0.219892, 0.219608
57, 0.210319, 0.013270, 0.000000, 0.223589, 0.223529
58, 0.132702, 0.052830, 0.041964, 0.227496, 0.227451
59, 0.210319, 0.021032, 0.000000, 0.231351, 0.231373
60, 0.167062, 0.041964, 0.026478, 0.235504, 0.235294
61, 0.105409, 0.066509, 0.066509, 0.238427, 0.239216
62, 0.132702, 0.083730, 0.026478, 0.242910, 0.243137
63, 0.167062, 0.066509, 0.013270, 0.246841, 0.247059
64, 0.167062, 0.041964, 0.041964, 0.250991, 0.250980
65, 0.132702, 0.105409, 0.016706, 0.254818, 0.254902
66, 0.132702, 0.105409, 0.021032, 0.259144, 0.258824
67, 0.210319, 0.052830, 0.000000, 0.263149, 0.262745
68, 0.167062, 0.066509, 0.033333, 0.266904, 0.266667
69, 0.210319, 0.033333, 0.026478, 0.270130, 0.270588
70, 0.167062, 0.066509, 0.041964, 0.275535, 0.274510
71, 0.132702, 0.132702, 0.013270, 0.278675, 0.278431
72, 0.132702, 0.132702, 0.016706, 0.282111, 0.282353
73, 0.167062, 0.066509, 0.052830, 0.286401, 0.286275
74, 0.210319, 0.066509, 0.013270, 0.290098, 0.290196
75, 0.210319, 0.083730, 0.000000, 0.294049, 0.294118
76, 0.264776, 0.033333, 0.000000, 0.298109, 0.298039
77, 0.264776, 0.021032, 0.016706, 0.302514, 0.301961
78, 0.167062, 0.105409, 0.033333, 0.305805, 0.305882
79, 0.210319, 0.066509, 0.033333, 0.310161, 0.309804
80, 0.167062, 0.132702, 0.013270, 0.313035, 0.313725
81, 0.264776, 0.052830, 0.000000, 0.317606, 0.317647
82, 0.132702, 0.105409, 0.083730, 0.321841, 0.321569
83, 0.167062, 0.105409, 0.052830, 0.325301, 0.325490
84, 0.210319, 0.066509, 0.052830, 0.329658, 0.329412
85, 0.333333, 0.000000, 0.000000, 0.333333, 0.333333
86, 0.210319, 0.105409, 0.021032, 0.336760, 0.337255
87, 0.167062, 0.132702, 0.041964, 0.341729, 0.341176
88, 0.264776, 0.066509, 0.013270, 0.344555, 0.345098
89, 0.210319, 0.105409, 0.033333, 0.349062, 0.349020
90, 0.167062, 0.132702, 0.052830, 0.352595, 0.352941
91, 0.210319, 0.132702, 0.013270, 0.356292, 0.356863
92, 0.167062, 0.167062, 0.026478, 0.360602, 0.360784
93, 0.264776, 0.066509, 0.033333, 0.364618, 0.364706
94, 0.210319, 0.105409, 0.052830, 0.368558, 0.368627
95, 0.333333, 0.026478, 0.013270, 0.373081, 0.372549
96, 0.333333, 0.026478, 0.016706, 0.376517, 0.376471
97, 0.333333, 0.026478, 0.021032, 0.380843, 0.380392
98, 0.264776, 0.066509, 0.052830, 0.384115, 0.384314
99, 0.333333, 0.041964, 0.013270, 0.388568, 0.388235
100, 0.333333, 0.041964, 0.016706, 0.392004, 0.392157
101, 0.210319, 0.132702, 0.052830, 0.395851, 0.396078
102, 0.333333, 0.033333, 0.033333, 0.400000, 0.400000
103, 0.210319, 0.167062, 0.026478, 0.403859, 0.403922
104, 0.333333, 0.052830, 0.021032, 0.407195, 0.407843
105, 0.264776, 0.105409, 0.041964, 0.412150, 0.411765
106, 0.264776, 0.083730, 0.066509, 0.415014, 0.415686
107, 0.333333, 0.052830, 0.033333, 0.419496, 0.419608
108, 0.264776, 0.132702, 0.026478, 0.423956, 0.423529
109, 0.333333, 0.052830, 0.041964, 0.428127, 0.427451
110, 0.264776, 0.167062, 0.000000, 0.431838, 0.431373
111, 0.210319, 0.210319, 0.013270, 0.433908, 0.435294
112, 0.333333, 0.052830, 0.052830, 0.438993, 0.439216
113, 0.333333, 0.083730, 0.026478, 0.443540, 0.443137
114, 0.210319, 0.210319, 0.026478, 0.447116, 0.447059
115, 0.333333, 0.083730, 0.033333, 0.450396, 0.450980
116, 0.333333, 0.105409, 0.016706, 0.455449, 0.454902
117, 0.333333, 0.083730, 0.041964, 0.459027, 0.458824
118, 0.210319, 0.210319, 0.041964, 0.462602, 0.462745
119, 0.167062, 0.167062, 0.132702, 0.466827, 0.466667
120, 0.333333, 0.083730, 0.052830, 0.469893, 0.470588
121, 0.264776, 0.210319, 0.000000, 0.475095, 0.474510
122, 0.333333, 0.132702, 0.013270, 0.479306, 0.478431
123, 0.333333, 0.132702, 0.016706, 0.482742, 0.482353
124, 0.333333, 0.132702, 0.021032, 0.487068, 0.486275
125, 0.333333, 0.105409, 0.052830, 0.491572, 0.490196
126, 0.333333, 0.132702, 0.026478, 0.492513, 0.494118
127, 0.264776, 0.167062, 0.066509, 0.498347, 0.498039
128, 0.264776, 0.210319, 0.026478, 0.501573, 0.501961
129, 0.333333, 0.105409, 0.066509, 0.505251, 0.505882
130, 0.210319, 0.167062, 0.132702, 0.510084, 0.509804
131, 0.333333, 0.167062, 0.013270, 0.513666, 0.513725
132, 0.333333, 0.167062, 0.016706, 0.517102, 0.517647
133, 0.333333, 0.167062, 0.021032, 0.521428, 0.521569
134, 0.210319, 0.210319, 0.105409, 0.526047, 0.525490
135, 0.264776, 0.264776, 0.000000, 0.529552, 0.529412
136, 0.333333, 0.167062, 0.033333, 0.533729, 0.533333
137, 0.264776, 0.167062, 0.105409, 0.537248, 0.537255
138, 0.264776, 0.210319, 0.066509, 0.541604, 0.541176
139, 0.210319, 0.167062, 0.167062, 0.544444, 0.545098
140, 0.333333, 0.132702, 0.083730, 0.549765, 0.549020
141, 0.333333, 0.167062, 0.052830, 0.553226, 0.552941
142, 0.333333, 0.210319, 0.013270, 0.556923, 0.556863
143, 0.333333, 0.210319, 0.016706, 0.560359, 0.560784
144, 0.333333, 0.210319, 0.021032, 0.564684, 0.564706
145, 0.333333, 0.210319, 0.026478, 0.570130, 0.568627
146, 0.264776, 0.264776, 0.041964, 0.571516, 0.572549
147, 0.333333, 0.210319, 0.033333, 0.576986, 0.576471
148, 0.264776, 0.210319, 0.105409, 0.580504, 0.580392
149, 0.333333, 0.167062, 0.083730, 0.584125, 0.584314
150, 0.210319, 0.210319, 0.167062, 0.587701, 0.588235
151, 0.264776, 0.264776, 0.066509, 0.596061, 0.592157
152, 0.264776, 0.264776, 0.066509, 0.596061, 0.596078
153, 0.264776, 0.167062, 0.167062, 0.598901, 0.600000
154, 0.333333, 0.167062, 0.105409, 0.605805, 0.603922
155, 0.264776, 0.210319, 0.132702, 0.607798, 0.607843
156, 0.333333, 0.264776, 0.013270, 0.611380, 0.611765
157, 0.333333, 0.264776, 0.016706, 0.614816, 0.615686
158, 0.333333, 0.264776, 0.021032, 0.619141, 0.619608
159, 0.333333, 0.264776, 0.026478, 0.624587, 0.623529
160, 0.333333, 0.210319, 0.083730, 0.627382, 0.627451
161, 0.333333, 0.264776, 0.033333, 0.631443, 0.631373
162, 0.264776, 0.264776, 0.105409, 0.634961, 0.635294
163, 0.333333, 0.264776, 0.041964, 0.640074, 0.639216
164, 0.264776, 0.210319, 0.167062, 0.642158, 0.643137
165, 0.333333, 0.210319, 0.105409, 0.649062, 0.647059
166, 0.333333, 0.264776, 0.052830, 0.650939, 0.650980
167, 0.333333, 0.264776, 0.052830, 0.650939, 0.654902
168, 0.264776, 0.264776, 0.132702, 0.662255, 0.658824
169, 0.264776, 0.264776, 0.132702, 0.662255, 0.662745
170, 0.333333, 0.333333, 0.000000, 0.666667, 0.666667
171, 0.333333, 0.167062, 0.167062, 0.667458, 0.670588
172, 0.333333, 0.210319, 0.132702, 0.676355, 0.674510
173, 0.333333, 0.333333, 0.013270, 0.679937, 0.678431
174, 0.333333, 0.264776, 0.083730, 0.681839, 0.682353
175, 0.264776, 0.210319, 0.210319, 0.685414, 0.686275
176, 0.333333, 0.333333, 0.021032, 0.687699, 0.690196
177, 0.333333, 0.333333, 0.026478, 0.693144, 0.694118
178, 0.264776, 0.264776, 0.167062, 0.696615, 0.698039
179, 0.333333, 0.264776, 0.105409, 0.703519, 0.701961
180, 0.333333, 0.264776, 0.105409, 0.703519, 0.705882
181, 0.333333, 0.210319, 0.167062, 0.710715, 0.709804
182, 0.333333, 0.210319, 0.167062, 0.710715, 0.713725
183, 0.333333, 0.333333, 0.052830, 0.719496, 0.717647
184, 0.333333, 0.333333, 0.052830, 0.719496, 0.721569
185, 0.333333, 0.264776, 0.132702, 0.730812, 0.725490
186, 0.333333, 0.264776, 0.132702, 0.730812, 0.729412
187, 0.333333, 0.333333, 0.066509, 0.733175, 0.733333
188, 0.264776, 0.264776, 0.210319, 0.739871, 0.737255
189, 0.264776, 0.264776, 0.210319, 0.739871, 0.741176
190, 0.264776, 0.264776, 0.210319, 0.739871, 0.745098
191, 0.333333, 0.333333, 0.083730, 0.750396, 0.749020
192, 0.333333, 0.210319, 0.210319, 0.753972, 0.752941
193, 0.333333, 0.210319, 0.210319, 0.753972, 0.756863
194, 0.333333, 0.264776, 0.167062, 0.765172, 0.760784
195, 0.333333, 0.264776, 0.167062, 0.765172, 0.764706
196, 0.333333, 0.333333, 0.105409, 0.772076, 0.768627
197, 0.333333, 0.333333, 0.105409, 0.772076, 0.772549
198, 0.333333, 0.333333, 0.105409, 0.772076, 0.776471
199, 0.333333, 0.333333, 0.105409, 0.772076, 0.780392
200, 0.264776, 0.264776, 0.264776, 0.794328, 0.784314
201, 0.264776, 0.264776, 0.264776, 0.794328, 0.788235
202, 0.264776, 0.264776, 0.264776, 0.794328, 0.792157
203, 0.264776, 0.264776, 0.264776, 0.794328, 0.796078
204, 0.333333, 0.333333, 0.132702, 0.799369, 0.800000
205, 0.333333, 0.264776, 0.210319, 0.808429, 0.803922
206, 0.333333, 0.264776, 0.210319, 0.808429, 0.807843
207, 0.333333, 0.264776, 0.210319, 0.808429, 0.811765
208, 0.333333, 0.264776, 0.210319, 0.808429, 0.815686
209, 0.333333, 0.264776, 0.210319, 0.808429, 0.819608
210, 0.333333, 0.333333, 0.167062, 0.833729, 0.823529
211, 0.333333, 0.333333, 0.167062, 0.833729, 0.827451
212, 0.333333, 0.333333, 0.167062, 0.833729, 0.831373
213, 0.333333, 0.333333, 0.167062, 0.833729, 0.835294
214, 0.333333, 0.333333, 0.167062, 0.833729, 0.839216
215, 0.333333, 0.333333, 0.167062, 0.833729, 0.843137
216, 0.333333, 0.333333, 0.167062, 0.833729, 0.847059
217, 0.333333, 0.264776, 0.264776, 0.862885, 0.850980
218, 0.333333, 0.264776, 0.264776, 0.862885, 0.854902
219, 0.333333, 0.264776, 0.264776, 0.862885, 0.858824
220, 0.333333, 0.264776, 0.264776, 0.862885, 0.862745
221, 0.333333, 0.264776, 0.264776, 0.862885, 0.866667
222, 0.333333, 0.333333, 0.210319, 0.876986, 0.870588
223, 0.333333, 0.333333, 0.210319, 0.876986, 0.874510
224, 0.333333, 0.333333, 0.210319, 0.876986, 0.878431
225, 0.333333, 0.333333, 0.210319, 0.876986, 0.882353
226, 0.333333, 0.333333, 0.210319, 0.876986, 0.886275
227, 0.333333, 0.333333, 0.210319, 0.876986, 0.890196
228, 0.333333, 0.333333, 0.210319, 0.876986, 0.894118
229, 0.333333, 0.333333, 0.210319, 0.876986, 0.898039
230, 0.333333, 0.333333, 0.210319, 0.876986, 0.901961
231, 0.333333, 0.333333, 0.264776, 0.931443, 0.905882
232, 0.333333, 0.333333, 0.264776, 0.931443, 0.909804
233, 0.333333, 0.333333, 0.264776, 0.931443, 0.913725
234, 0.333333, 0.333333, 0.264776, 0.931443, 0.917647
235, 0.333333, 0.333333, 0.264776, 0.931443, 0.921569
236, 0.333333, 0.333333, 0.264776, 0.931443, 0.925490
237, 0.333333, 0.333333, 0.264776, 0.931443, 0.929412
238, 0.333333, 0.333333, 0.264776, 0.931443, 0.933333
239, 0.333333, 0.333333, 0.264776, 0.931443, 0.937255
240, 0.333333, 0.333333, 0.264776, 0.931443, 0.941176
241, 0.333333, 0.333333, 0.264776, 0.931443, 0.945098
242, 0.333333, 0.333333, 0.264776, 0.931443, 0.949020
243, 0.333333, 0.333333, 0.264776, 0.931443, 0.952941
244, 0.333333, 0.333333, 0.264776, 0.931443, 0.956863
245, 0.333333, 0.333333, 0.264776, 0.931443, 0.960784
246, 0.333333, 0.333333, 0.264776, 0.931443, 0.964706
247, 0.333333, 0.333333, 0.333333, 1.000000, 0.968627
248, 0.333333, 0.333333, 0.333333, 1.000000, 0.972549
249, 0.333333, 0.333333, 0.333333, 1.000000, 0.976471
250, 0.333333, 0.333333, 0.333333, 1.000000, 0.980392
251, 0.333333, 0.333333, 0.333333, 1.000000, 0.984314
252, 0.333333, 0.333333, 0.333333, 1.000000, 0.988235
253, 0.333333, 0.333333, 0.333333, 1.000000, 0.992157
254, 0.333333, 0.333333, 0.333333, 1.000000, 0.996078
255, 0.333333, 0.333333, 0.333333, 1.000000, 1.000000
